   1.0000000e-03  -5.6336582e-06
   2.0000000e-03  -1.5699433e-05
   3.0000000e-03  -4.3748681e-05
   4.0000000e-03  -9.6693928e-05
   5.0000000e-03  -1.6227284e-04
   6.0000000e-03  -2.2429983e-04
   7.0000000e-03  -2.6952397e-04
   8.0000000e-03  -2.9257456e-04
   9.0000000e-03  -2.9362582e-04
   1.0000000e-02  -2.8071801e-04
   1.1000000e-02  -2.6440609e-04
   1.2000000e-02  -2.5000315e-04
   1.3000000e-02  -2.3844453e-04
   1.4000000e-02  -2.2882543e-04
   1.5000000e-02  -2.2100490e-04
   1.6000000e-02  -2.1388356e-04
   1.7000000e-02  -2.0663211e-04
   1.8000000e-02  -2.0025143e-04
   1.9000000e-02  -1.9427684e-04
   2.0000000e-02  -1.8841701e-04
   2.1000000e-02  -1.8307572e-04
   2.2000000e-02  -1.7793351e-04
   2.3000000e-02  -1.7289575e-04
   2.4000000e-02  -1.6791362e-04
   2.5000000e-02  -1.6295908e-04
   2.6000000e-02  -1.5812384e-04
   2.7000000e-02  -1.5341585e-04
   2.8000000e-02  -1.4880521e-04
   2.9000000e-02  -1.4442809e-04
   3.0000000e-02  -1.4040496e-04
   3.1000000e-02  -1.3678433e-04
   3.2000000e-02  -1.3345896e-04
   3.3000000e-02  -1.3055539e-04
   3.4000000e-02  -1.2808752e-04
   3.5000000e-02  -1.2595916e-04
   3.6000000e-02  -1.2411495e-04
   3.7000000e-02  -1.2278180e-04
   3.8000000e-02  -1.2177496e-04
   3.9000000e-02  -1.2115346e-04
   4.0000000e-02  -1.2092339e-04
   4.1000000e-02  -1.2101502e-04
   4.2000000e-02  -1.2162700e-04
   4.3000000e-02  -1.2232462e-04
   4.4000000e-02  -1.2352907e-04
   4.5000000e-02  -1.2537538e-04
   4.6000000e-02  -1.2753564e-04
   4.7000000e-02  -1.3021029e-04
   4.8000000e-02  -1.3308471e-04
   4.9000000e-02  -1.3621566e-04
   5.0000000e-02  -1.4002559e-04
   5.1000000e-02  -1.4427293e-04
   5.2000000e-02  -1.4922272e-04
   5.3000000e-02  -1.5462815e-04
   5.4000000e-02  -1.6037575e-04
   5.5000000e-02  -1.6651614e-04
   5.6000000e-02  -1.7314304e-04
   5.7000000e-02  -1.8049910e-04
   5.8000000e-02  -1.8819960e-04
   5.9000000e-02  -1.9642508e-04
   6.0000000e-02  -2.0542187e-04
   6.1000000e-02  -2.1493006e-04
   6.2000000e-02  -2.2478239e-04
   6.3000000e-02  -2.3503807e-04
   6.4000000e-02  -2.4585229e-04
   6.5000000e-02  -2.5674224e-04
   6.6000000e-02  -2.6837182e-04
   6.7000000e-02  -2.8040043e-04
   6.8000000e-02  -2.9155108e-04
   6.9000000e-02  -3.0257163e-04
   7.0000000e-02  -3.1350176e-04
   7.1000000e-02  -3.2328829e-04
   7.2000000e-02  -3.3258449e-04
   7.3000000e-02  -3.4097399e-04
   7.4000000e-02  -3.4850966e-04
   7.5000000e-02  -3.5511977e-04
   7.6000000e-02  -3.5989355e-04
   7.7000000e-02  -3.6360713e-04
   7.8000000e-02  -3.6632277e-04
   7.9000000e-02  -3.6786194e-04
   8.0000000e-02  -3.6841796e-04
   8.1000000e-02  -3.6794594e-04
   8.2000000e-02  -3.6697455e-04
   8.3000000e-02  -3.6561536e-04
   8.4000000e-02  -3.6367250e-04
   8.5000000e-02  -3.6143864e-04
   8.6000000e-02  -3.5912080e-04
   8.7000000e-02  -3.5671155e-04
   8.8000000e-02  -3.5427417e-04
   8.9000000e-02  -3.5182630e-04
   9.0000000e-02  -3.4940065e-04
   9.1000000e-02  -3.4707841e-04
   9.2000000e-02  -3.4487720e-04
   9.3000000e-02  -3.4277277e-04
   9.4000000e-02  -3.4079358e-04
   9.5000000e-02  -3.3895641e-04
   9.6000000e-02  -3.3727661e-04
   9.7000000e-02  -3.3576155e-04
   9.8000000e-02  -3.3436947e-04
   9.9000000e-02  -3.3308687e-04
   1.0000000e-01  -3.3185278e-04
   1.0100000e-01  -3.3071007e-04
   1.0200000e-01  -3.2969894e-04
   1.0300000e-01  -3.2883330e-04
   1.0400000e-01  -3.2808534e-04
   1.0500000e-01  -3.2739430e-04
   1.0600000e-01  -3.2680640e-04
   1.0700000e-01  -3.2627368e-04
   1.0800000e-01  -3.2577904e-04
   1.0900000e-01  -3.2536449e-04
   1.1000000e-01  -3.2499754e-04
   1.1100000e-01  -3.2467195e-04
   1.1200000e-01  -3.2438643e-04
   1.1300000e-01  -3.2410181e-04
   1.1400000e-01  -3.2380589e-04
   1.1500000e-01  -3.2351222e-04
   1.1600000e-01  -3.2324076e-04
   1.1700000e-01  -3.2300516e-04
   1.1800000e-01  -3.2275311e-04
   1.1900000e-01  -3.2246108e-04
   1.2000000e-01  -3.2213997e-04
   1.2100000e-01  -3.2178317e-04
   1.2200000e-01  -3.2141774e-04
   1.2300000e-01  -3.2102766e-04
   1.2400000e-01  -3.2060843e-04
   1.2500000e-01  -3.2015399e-04
   1.2600000e-01  -3.1966128e-04
   1.2700000e-01  -3.1916916e-04
   1.2800000e-01  -3.1862012e-04
   1.2900000e-01  -3.1796621e-04
   1.3000000e-01  -3.1725819e-04
   1.3100000e-01  -3.1653489e-04
   1.3200000e-01  -3.1579033e-04
   1.3300000e-01  -3.1498050e-04
   1.3400000e-01  -3.1404023e-04
   1.3500000e-01  -3.1297705e-04
   1.3600000e-01  -3.1179074e-04
   1.3700000e-01  -3.1054257e-04
   1.3800000e-01  -3.0924122e-04
   1.3900000e-01  -3.0783282e-04
   1.4000000e-01  -3.0632662e-04
   1.4100000e-01  -3.0469983e-04
   1.4200000e-01  -3.0293706e-04
   1.4300000e-01  -3.0105889e-04
   1.4400000e-01  -2.9912720e-04
   1.4500000e-01  -2.9716808e-04
   1.4600000e-01  -2.9521463e-04
   1.4700000e-01  -2.9335554e-04
   1.4800000e-01  -2.9164121e-04
   1.4900000e-01  -2.9005897e-04
   1.5000000e-01  -2.8867155e-04
   1.5100000e-01  -2.8740765e-04
   1.5200000e-01  -2.8632354e-04
   1.5300000e-01  -2.8533650e-04
   1.5400000e-01  -2.8420663e-04
   1.5500000e-01  -2.8321020e-04
   1.5600000e-01  -2.8206283e-04
   1.5700000e-01  -2.8071336e-04
   1.5800000e-01  -2.7916019e-04
   1.5900000e-01  -2.7749394e-04
   1.6000000e-01  -2.7560330e-04
   1.6100000e-01  -2.7328204e-04
   1.6200000e-01  -2.7058622e-04
   1.6300000e-01  -2.6746478e-04
   1.6400000e-01  -2.6387889e-04
   1.6500000e-01  -2.5983701e-04
   1.6600000e-01  -2.5524839e-04
   1.6700000e-01  -2.5009950e-04
   1.6800000e-01  -2.4460137e-04
   1.6900000e-01  -2.3868186e-04
   1.7000000e-01  -2.3243767e-04
   1.7100000e-01  -2.2610360e-04
   1.7200000e-01  -2.1957402e-04
   1.7300000e-01  -2.1316594e-04
   1.7400000e-01  -2.0685410e-04
   1.7500000e-01  -2.0075969e-04
   1.7600000e-01  -1.9490312e-04
   1.7700000e-01  -1.8920528e-04
   1.7800000e-01  -1.8390153e-04
   1.7900000e-01  -1.7883439e-04
   1.8000000e-01  -1.7410478e-04
   1.8100000e-01  -1.6965546e-04
   1.8200000e-01  -1.6542129e-04
   1.8300000e-01  -1.6140795e-04
   1.8400000e-01  -1.5765864e-04
   1.8500000e-01  -1.5406798e-04
   1.8600000e-01  -1.5066104e-04
   1.8700000e-01  -1.4748380e-04
   1.8800000e-01  -1.4444157e-04
   1.8900000e-01  -1.4151421e-04
   1.9000000e-01  -1.3875789e-04
   1.9100000e-01  -1.3612951e-04
   1.9200000e-01  -1.3364626e-04
   1.9300000e-01  -1.3126315e-04
   1.9400000e-01  -1.2892500e-04
   1.9500000e-01  -1.2658223e-04
   1.9600000e-01  -1.2433859e-04
   1.9700000e-01  -1.2217407e-04
   1.9800000e-01  -1.2001170e-04
   1.9900000e-01  -1.1791224e-04
   2.0000000e-01  -1.1590567e-04
   2.0100000e-01  -1.1394282e-04
   2.0200000e-01  -1.1198736e-04
   2.0300000e-01  -1.1001716e-04
   2.0400000e-01  -1.0806324e-04
   2.0500000e-01  -1.0611410e-04
   2.0600000e-01  -1.0417100e-04
   2.0700000e-01  -1.0223088e-04
   2.0800000e-01  -1.0032528e-04
   2.0900000e-01  -9.8465707e-05
   2.1000000e-01  -9.6631727e-05
   2.1100000e-01  -9.4796299e-05
   2.1200000e-01  -9.2969173e-05
   2.1300000e-01  -9.1143299e-05
   2.1400000e-01  -8.9332857e-05
   2.1500000e-01  -8.7535584e-05
   2.1600000e-01  -8.5773344e-05
   2.1700000e-01  -8.4061068e-05
   2.1800000e-01  -8.2376485e-05
   2.1900000e-01  -8.0699661e-05
   2.2000000e-01  -7.9059584e-05
   2.2100000e-01  -7.7504358e-05
   2.2200000e-01  -7.6050424e-05
   2.2300000e-01  -7.4713844e-05
   2.2400000e-01  -7.3487413e-05
   2.2500000e-01  -7.2510853e-05
   2.2600000e-01  -7.1825905e-05
   2.2700000e-01  -7.1123731e-05
   2.2800000e-01  -7.0648459e-05
   2.2900000e-01  -7.0572329e-05
   2.3000000e-01  -7.0557461e-05
   2.3100000e-01  -7.0899896e-05
   2.3200000e-01  -7.1706550e-05
   2.3300000e-01  -7.2651237e-05
   2.3400000e-01  -7.3965897e-05
   2.3500000e-01  -7.5673717e-05
   2.3600000e-01  -7.7683594e-05
   2.3700000e-01  -8.0044165e-05
   2.3800000e-01  -8.2754185e-05
   2.3900000e-01  -8.5783282e-05
   2.4000000e-01  -8.9046498e-05
   2.4100000e-01  -9.2570524e-05
   2.4200000e-01  -9.6307083e-05
   2.4300000e-01  -1.0021684e-04
   2.4400000e-01  -1.0426859e-04
   2.4500000e-01  -1.0837081e-04
   2.4600000e-01  -1.1247360e-04
   2.4700000e-01  -1.1658060e-04
   2.4800000e-01  -1.2060363e-04
   2.4900000e-01  -1.2455397e-04
   2.5000000e-01  -1.2842898e-04
   2.5100000e-01  -1.3220104e-04
   2.5200000e-01  -1.3576461e-04
   2.5300000e-01  -1.3913426e-04
   2.5400000e-01  -1.4224330e-04
   2.5500000e-01  -1.4510509e-04
   2.5600000e-01  -1.4774457e-04
   2.5700000e-01  -1.5013110e-04
   2.5800000e-01  -1.5215790e-04
   2.5900000e-01  -1.5385276e-04
   2.6000000e-01  -1.5537797e-04
   2.6100000e-01  -1.5667312e-04
   2.6200000e-01  -1.5777918e-04
   2.6300000e-01  -1.5872309e-04
   2.6400000e-01  -1.5946605e-04
   2.6500000e-01  -1.6012467e-04
   2.6600000e-01  -1.6047578e-04
   2.6700000e-01  -1.6070250e-04
   2.6800000e-01  -1.6093552e-04
   2.6900000e-01  -1.6099419e-04
   2.7000000e-01  -1.6093496e-04
   2.7100000e-01  -1.6088059e-04
   2.7200000e-01  -1.6082302e-04
   2.7300000e-01  -1.6070542e-04
   2.7400000e-01  -1.6045926e-04
   2.7500000e-01  -1.6022715e-04
   2.7600000e-01  -1.5995271e-04
   2.7700000e-01  -1.5942453e-04
   2.7800000e-01  -1.5902641e-04
   2.7900000e-01  -1.5831577e-04
   2.8000000e-01  -1.5729814e-04
   2.8100000e-01  -1.5601372e-04
   2.8200000e-01  -1.5440483e-04
   2.8300000e-01  -1.5237533e-04
   2.8400000e-01  -1.5002198e-04
   2.8500000e-01  -1.4741865e-04
   2.8600000e-01  -1.4459133e-04
   2.8700000e-01  -1.4134077e-04
   2.8800000e-01  -1.3799408e-04
   2.8900000e-01  -1.3446760e-04
   2.9000000e-01  -1.3070559e-04
   2.9100000e-01  -1.2681800e-04
   2.9200000e-01  -1.2274304e-04
   2.9300000e-01  -1.1860215e-04
   2.9400000e-01  -1.1446021e-04
   2.9500000e-01  -1.1049540e-04
   2.9600000e-01  -1.0634000e-04
   2.9700000e-01  -1.0273950e-04
   2.9800000e-01  -9.9414469e-05
   2.9900000e-01  -9.6298899e-05
   3.0000000e-01  -9.3876479e-05
   3.0100000e-01  -9.1837227e-05
   3.0200000e-01  -9.0212415e-05
   3.0300000e-01  -8.9141538e-05
   3.0400000e-01  -8.8280939e-05
   3.0500000e-01  -8.7895489e-05
   3.0600000e-01  -8.7803633e-05
   3.0700000e-01  -8.8027030e-05
   3.0800000e-01  -8.8608774e-05
   3.0900000e-01  -8.9516267e-05
   3.1000000e-01  -9.0705101e-05
   3.1100000e-01  -9.2108798e-05
   3.1200000e-01  -9.3804647e-05
   3.1300000e-01  -9.5783364e-05
   3.1400000e-01  -9.8010662e-05
   3.1500000e-01  -1.0042874e-04
   3.1600000e-01  -1.0304366e-04
   3.1700000e-01  -1.0590481e-04
   3.1800000e-01  -1.0889571e-04
   3.1900000e-01  -1.1208175e-04
   3.2000000e-01  -1.1546035e-04
   3.2100000e-01  -1.1893480e-04
   3.2200000e-01  -1.2241581e-04
   3.2300000e-01  -1.2582307e-04
   3.2400000e-01  -1.2967213e-04
   3.2500000e-01  -1.3322322e-04
   3.2600000e-01  -1.3671372e-04
   3.2700000e-01  -1.3975847e-04
   3.2800000e-01  -1.4252942e-04
   3.2900000e-01  -1.4466941e-04
   3.3000000e-01  -1.4614360e-04
   3.3100000e-01  -1.4711834e-04
   3.3200000e-01  -1.4743620e-04
   3.3300000e-01  -1.4705781e-04
   3.3400000e-01  -1.4582763e-04
   3.3500000e-01  -1.4391247e-04
   3.3600000e-01  -1.4143849e-04
   3.3700000e-01  -1.3838440e-04
   3.3800000e-01  -1.3459702e-04
   3.3900000e-01  -1.3021244e-04
   3.4000000e-01  -1.2544802e-04
   3.4100000e-01  -1.2026437e-04
   3.4200000e-01  -1.1462395e-04
   3.4300000e-01  -1.0895325e-04
   3.4400000e-01  -1.0324265e-04
   3.4500000e-01  -9.7570321e-05
   3.4600000e-01  -9.1776313e-05
   3.4700000e-01  -8.6333153e-05
   3.4800000e-01  -8.1179043e-05
   3.4900000e-01  -7.6337541e-05
   3.5000000e-01  -7.1796726e-05
   3.5100000e-01  -6.7651901e-05
   3.5200000e-01  -6.3818942e-05
   3.5300000e-01  -6.0242533e-05
   3.5400000e-01  -5.6808396e-05
   3.5500000e-01  -5.3704321e-05
   3.5600000e-01  -5.1249030e-05
   3.5700000e-01  -4.9149643e-05
   3.5800000e-01  -4.7706389e-05
   3.5900000e-01  -4.6876774e-05
   3.6000000e-01  -4.6508748e-05
   3.6100000e-01  -4.6819642e-05
   3.6200000e-01  -4.7804721e-05
   3.6300000e-01  -4.9569296e-05
   3.6400000e-01  -5.2059168e-05
   3.6500000e-01  -5.5295465e-05
   3.6600000e-01  -5.9154461e-05
   3.6700000e-01  -6.3511759e-05
   3.6800000e-01  -6.8501864e-05
   3.6900000e-01  -7.3978136e-05
   3.7000000e-01  -7.9837147e-05
   3.7100000e-01  -8.6085255e-05
   3.7200000e-01  -9.2560974e-05
   3.7300000e-01  -9.9209248e-05
   3.7400000e-01  -1.0595487e-04
   3.7500000e-01  -1.1258682e-04
   3.7600000e-01  -1.1914710e-04
   3.7700000e-01  -1.2544618e-04
   3.7800000e-01  -1.3152631e-04
   3.7900000e-01  -1.3738806e-04
   3.8000000e-01  -1.4300063e-04
   3.8100000e-01  -1.4839404e-04
   3.8200000e-01  -1.5360273e-04
   3.8300000e-01  -1.5864276e-04
   3.8400000e-01  -1.6350027e-04
   3.8500000e-01  -1.6818331e-04
   3.8600000e-01  -1.7278290e-04
   3.8700000e-01  -1.7731569e-04
   3.8800000e-01  -1.8177145e-04
   3.8900000e-01  -1.8616408e-04
   3.9000000e-01  -1.9048426e-04
   3.9100000e-01  -1.9475640e-04
   3.9200000e-01  -1.9895538e-04
   3.9300000e-01  -2.0301183e-04
   3.9400000e-01  -2.0697914e-04
   3.9500000e-01  -2.1085897e-04
   3.9600000e-01  -2.1452302e-04
   3.9700000e-01  -2.1801153e-04
   3.9800000e-01  -2.2135109e-04
   3.9900000e-01  -2.2456661e-04
   4.0000000e-01  -2.2769485e-04
   4.0100000e-01  -2.3070993e-04
   4.0200000e-01  -2.3353231e-04
   4.0300000e-01  -2.3614753e-04
   4.0400000e-01  -2.3852313e-04
   4.0500000e-01  -2.4074347e-04
   4.0600000e-01  -2.4286496e-04
   4.0700000e-01  -2.4481291e-04
   4.0800000e-01  -2.4657742e-04
   4.0900000e-01  -2.4819043e-04
   4.1000000e-01  -2.4962771e-04
   4.1100000e-01  -2.5094094e-04
   4.1200000e-01  -2.5213382e-04
   4.1300000e-01  -2.5319563e-04
   4.1400000e-01  -2.5416787e-04
   4.1500000e-01  -2.5502385e-04
   4.1600000e-01  -2.5576393e-04
   4.1700000e-01  -2.5642913e-04
   4.1800000e-01  -2.5699368e-04
   4.1900000e-01  -2.5751787e-04
   4.2000000e-01  -2.5796131e-04
   4.2100000e-01  -2.5833159e-04
   4.2200000e-01  -2.5863508e-04
   4.2300000e-01  -2.5885902e-04
   4.2400000e-01  -2.5905528e-04
   4.2500000e-01  -2.5919638e-04
   4.2600000e-01  -2.5928771e-04
   4.2700000e-01  -2.5939705e-04
   4.2800000e-01  -2.5955129e-04
   4.2900000e-01  -2.5963070e-04
   4.3000000e-01  -2.5958362e-04
   4.3100000e-01  -2.5949671e-04
   4.3200000e-01  -2.5943953e-04
   4.3300000e-01  -2.5942653e-04
   4.3400000e-01  -2.5944211e-04
   4.3500000e-01  -2.5944911e-04
   4.3600000e-01  -2.5944255e-04
   4.3700000e-01  -2.5945298e-04
   4.3800000e-01  -2.5944812e-04
   4.3900000e-01  -2.5938709e-04
   4.4000000e-01  -2.5929554e-04
   4.4100000e-01  -2.5919134e-04
   4.4200000e-01  -2.5907657e-04
   4.4300000e-01  -2.5899728e-04
   4.4400000e-01  -2.5893075e-04
   4.4500000e-01  -2.5883560e-04
   4.4600000e-01  -2.5874281e-04
   4.4700000e-01  -2.5867720e-04
   4.4800000e-01  -2.5863614e-04
   4.4900000e-01  -2.5861641e-04
   4.5000000e-01  -2.5859929e-04
   4.5100000e-01  -2.5852636e-04
   4.5200000e-01  -2.5841166e-04
   4.5300000e-01  -2.5831553e-04
   4.5400000e-01  -2.5824489e-04
   4.5500000e-01  -2.5819464e-04
   4.5600000e-01  -2.5814241e-04
   4.5700000e-01  -2.5807636e-04
   4.5800000e-01  -2.5801554e-04
   4.5900000e-01  -2.5797524e-04
   4.6000000e-01  -2.5794953e-04
   4.6100000e-01  -2.5790674e-04
   4.6200000e-01  -2.5781646e-04
   4.6300000e-01  -2.5767785e-04
   4.6400000e-01  -2.5752955e-04
   4.6500000e-01  -2.5742594e-04
   4.6600000e-01  -2.5738590e-04
   4.6700000e-01  -2.5736278e-04
   4.6800000e-01  -2.5729653e-04
   4.6900000e-01  -2.5718442e-04
   4.7000000e-01  -2.5709052e-04
   4.7100000e-01  -2.5701902e-04
   4.7200000e-01  -2.5693993e-04
   4.7300000e-01  -2.5689846e-04
   4.7400000e-01  -2.5688626e-04
   4.7500000e-01  -2.5686306e-04
   4.7600000e-01  -2.5679751e-04
   4.7700000e-01  -2.5669235e-04
   4.7800000e-01  -2.5659041e-04
   4.7900000e-01  -2.5650329e-04
   4.8000000e-01  -2.5641480e-04
   4.8100000e-01  -2.5631889e-04
   4.8200000e-01  -2.5622986e-04
   4.8300000e-01  -2.5615321e-04
   4.8400000e-01  -2.5607203e-04
   4.8500000e-01  -2.5599690e-04
   4.8600000e-01  -2.5593822e-04
   4.8700000e-01  -2.5586131e-04
   4.8800000e-01  -2.5578779e-04
   4.8900000e-01  -2.5575636e-04
   4.9000000e-01  -2.5570702e-04
   4.9100000e-01  -2.5559868e-04
   4.9200000e-01  -2.5547093e-04
   4.9300000e-01  -2.5538066e-04
   4.9400000e-01  -2.5532520e-04
   4.9500000e-01  -2.5526767e-04
   4.9600000e-01  -2.5520875e-04
   4.9700000e-01  -2.5515303e-04
   4.9800000e-01  -2.5505129e-04
   4.9900000e-01  -2.5489220e-04
   5.0000000e-01  -2.5476717e-04
   5.0100000e-01  -2.5468028e-04
   5.0200000e-01  -2.5459227e-04
   5.0300000e-01  -2.5452320e-04
   5.0400000e-01  -2.5449577e-04
   5.0500000e-01  -2.5446636e-04
   5.0600000e-01  -2.5441091e-04
   5.0700000e-01  -2.5434494e-04
   5.0800000e-01  -2.5429312e-04
   5.0900000e-01  -2.5423792e-04
   5.1000000e-01  -2.5414329e-04
   5.1100000e-01  -2.5402449e-04
   5.1200000e-01  -2.5390953e-04
   5.1300000e-01  -2.5380933e-04
   5.1400000e-01  -2.5373519e-04
   5.1500000e-01  -2.5367364e-04
   5.1600000e-01  -2.5358920e-04
   5.1700000e-01  -2.5349728e-04
   5.1800000e-01  -2.5342481e-04
   5.1900000e-01  -2.5333356e-04
   5.2000000e-01  -2.5320982e-04
   5.2100000e-01  -2.5308391e-04
   5.2200000e-01  -2.5296419e-04
   5.2300000e-01  -2.5290240e-04
   5.2400000e-01  -2.5287462e-04
   5.2500000e-01  -2.5281274e-04
   5.2600000e-01  -2.5273771e-04
   5.2700000e-01  -2.5266945e-04
   5.2800000e-01  -2.5262064e-04
   5.2900000e-01  -2.5255496e-04
   5.3000000e-01  -2.5247732e-04
   5.3100000e-01  -2.5235434e-04
   5.3200000e-01  -2.5223291e-04
   5.3300000e-01  -2.5211681e-04
   5.3400000e-01  -2.5201791e-04
   5.3500000e-01  -2.5196533e-04
   5.3600000e-01  -2.5193915e-04
   5.3700000e-01  -2.5190238e-04
   5.3800000e-01  -2.5185574e-04
   5.3900000e-01  -2.5178952e-04
   5.4000000e-01  -2.5168048e-04
   5.4100000e-01  -2.5153923e-04
   5.4200000e-01  -2.5140086e-04
   5.4300000e-01  -2.5129415e-04
   5.4400000e-01  -2.5122520e-04
   5.4500000e-01  -2.5110667e-04
   5.4600000e-01  -2.5094971e-04
   5.4700000e-01  -2.5079708e-04
   5.4800000e-01  -2.5063027e-04
   5.4900000e-01  -2.5045880e-04
   5.5000000e-01  -2.5032730e-04
   5.5100000e-01  -2.5023793e-04
   5.5200000e-01  -2.5013037e-04
   5.5300000e-01  -2.5004500e-04
   5.5400000e-01  -2.4993831e-04
   5.5500000e-01  -2.4980005e-04
   5.5600000e-01  -2.4963041e-04
   5.5700000e-01  -2.4945790e-04
   5.5800000e-01  -2.4932404e-04
   5.5900000e-01  -2.4921836e-04
   5.6000000e-01  -2.4912389e-04
   5.6100000e-01  -2.4902628e-04
   5.6200000e-01  -2.4891729e-04
   5.6300000e-01  -2.4877939e-04
   5.6400000e-01  -2.4859868e-04
   5.6500000e-01  -2.4841686e-04
   5.6600000e-01  -2.4825651e-04
   5.6700000e-01  -2.4808099e-04
   5.6800000e-01  -2.4786580e-04
   5.6900000e-01  -2.4769052e-04
   5.7000000e-01  -2.4755351e-04
   5.7100000e-01  -2.4735180e-04
   5.7200000e-01  -2.4711624e-04
   5.7300000e-01  -2.4691222e-04
   5.7400000e-01  -2.4667967e-04
   5.7500000e-01  -2.4643451e-04
   5.7600000e-01  -2.4615697e-04
   5.7700000e-01  -2.4592447e-04
   5.7800000e-01  -2.4574637e-04
   5.7900000e-01  -2.4555258e-04
   5.8000000e-01  -2.4528680e-04
   5.8100000e-01  -2.4496013e-04
   5.8200000e-01  -2.4460709e-04
   5.8300000e-01  -2.4423802e-04
   5.8400000e-01  -2.4386587e-04
   5.8500000e-01  -2.4348937e-04
   5.8600000e-01  -2.4307486e-04
   5.8700000e-01  -2.4262360e-04
   5.8800000e-01  -2.4210715e-04
   5.8900000e-01  -2.4153827e-04
   5.9000000e-01  -2.4102884e-04
   5.9100000e-01  -2.4062972e-04
   5.9200000e-01  -2.4015021e-04
   5.9300000e-01  -2.3941537e-04
   5.9400000e-01  -2.3845749e-04
   5.9500000e-01  -2.3745378e-04
   5.9600000e-01  -2.3646897e-04
   5.9700000e-01  -2.3542785e-04
   5.9800000e-01  -2.3433261e-04
   5.9900000e-01  -2.3314274e-04
   6.0000000e-01  -2.3194355e-04
   6.0100000e-01  -2.3120808e-04
   6.0200000e-01  -2.3175890e-04
   6.0300000e-01  -2.3396222e-04
   6.0400000e-01  -2.3424858e-04
   6.0500000e-01  -2.3025641e-04
   6.0600000e-01  -2.2553504e-04
   6.0700000e-01  -2.2177711e-04
   6.0800000e-01  -2.1864219e-04
   6.0900000e-01  -2.1588008e-04
   6.1000000e-01  -2.1328645e-04
   6.1100000e-01  -2.1069427e-04
   6.1200000e-01  -2.0803834e-04
   6.1300000e-01  -2.0529449e-04
   6.1400000e-01  -2.0244055e-04
   6.1500000e-01  -1.9949148e-04
   6.1600000e-01  -1.9650122e-04
   6.1700000e-01  -1.9344593e-04
   6.1800000e-01  -1.9037990e-04
   6.1900000e-01  -1.8739239e-04
   6.2000000e-01  -1.8451032e-04
   6.2100000e-01  -1.8179420e-04
   6.2200000e-01  -1.7922194e-04
   6.2300000e-01  -1.7689151e-04
   6.2400000e-01  -1.7493516e-04
   6.2500000e-01  -1.7348485e-04
   6.2600000e-01  -1.7243835e-04
   6.2700000e-01  -1.7200984e-04
   6.2800000e-01  -1.7219384e-04
   6.2900000e-01  -1.7312404e-04
   6.3000000e-01  -1.7511249e-04
   6.3100000e-01  -1.7801674e-04
   6.3200000e-01  -1.8181071e-04
   6.3300000e-01  -1.8683562e-04
   6.3400000e-01  -1.9298287e-04
   6.3500000e-01  -2.0007693e-04
   6.3600000e-01  -2.0815622e-04
   6.3700000e-01  -2.1730196e-04
   6.3800000e-01  -2.2708095e-04
   6.3900000e-01  -2.3732743e-04
   6.4000000e-01  -2.4796461e-04
   6.4100000e-01  -2.5848771e-04
   6.4200000e-01  -2.6862529e-04
   6.4300000e-01  -2.7816021e-04
   6.4400000e-01  -2.8679373e-04
   6.4500000e-01  -2.9454149e-04
   6.4600000e-01  -3.0124018e-04
   6.4700000e-01  -3.0618805e-04
   6.4800000e-01  -3.0992482e-04
   6.4900000e-01  -3.1257814e-04
   6.5000000e-01  -3.1372441e-04
   6.5100000e-01  -3.1361487e-04
   6.5200000e-01  -3.1259844e-04
   6.5300000e-01  -3.1048931e-04
   6.5400000e-01  -3.0747807e-04
   6.5500000e-01  -3.0385677e-04
   6.5600000e-01  -2.9960395e-04
   6.5700000e-01  -2.9477943e-04
   6.5800000e-01  -2.8948937e-04
   6.5900000e-01  -2.8382704e-04
   6.6000000e-01  -2.7791221e-04
   6.6100000e-01  -2.7173895e-04
   6.6200000e-01  -2.6542069e-04
   6.6300000e-01  -2.5901282e-04
   6.6400000e-01  -2.5251027e-04
   6.6500000e-01  -2.4592130e-04
   6.6600000e-01  -2.3925659e-04
   6.6700000e-01  -2.3258490e-04
   6.6800000e-01  -2.2602822e-04
   6.6900000e-01  -2.1953923e-04
   6.7000000e-01  -2.1311808e-04
   6.7100000e-01  -2.0684126e-04
   6.7200000e-01  -2.0064642e-04
   6.7300000e-01  -1.9464010e-04
   6.7400000e-01  -1.8891951e-04
   6.7500000e-01  -1.8334713e-04
   6.7600000e-01  -1.7840910e-04
   6.7700000e-01  -1.7487828e-04
   6.7800000e-01  -1.7312983e-04
   6.7900000e-01  -1.7290671e-04
   6.8000000e-01  -1.7246330e-04
   6.8100000e-01  -1.7074018e-04
   6.8200000e-01  -1.6762700e-04
   6.8300000e-01  -1.6347188e-04
   6.8400000e-01  -1.5899074e-04
   6.8500000e-01  -1.5469946e-04
   6.8600000e-01  -1.5089747e-04
   6.8700000e-01  -1.4759582e-04
   6.8800000e-01  -1.4472633e-04
   6.8900000e-01  -1.4240424e-04
   6.9000000e-01  -1.4043080e-04
   6.9100000e-01  -1.3874140e-04
   6.9200000e-01  -1.3712681e-04
   6.9300000e-01  -1.3524856e-04
   6.9400000e-01  -1.3294633e-04
   6.9500000e-01  -1.2998243e-04
   6.9600000e-01  -1.2652404e-04
   6.9700000e-01  -1.2251334e-04
   6.9800000e-01  -1.1861113e-04
   6.9900000e-01  -1.1511845e-04
   7.0000000e-01  -1.1213445e-04
   7.0100000e-01  -1.0952178e-04
   7.0200000e-01  -1.0700535e-04
   7.0300000e-01  -1.0435148e-04
   7.0400000e-01  -1.0147535e-04
   7.0500000e-01  -9.8441742e-05
   7.0600000e-01  -9.5881048e-05
   7.0700000e-01  -9.3911986e-05
   7.0800000e-01  -9.2369604e-05
   7.0900000e-01  -9.1127869e-05
   7.1000000e-01  -9.0106411e-05
   7.1100000e-01  -8.9172895e-05
   7.1200000e-01  -8.8247406e-05
   7.1300000e-01  -8.7343127e-05
   7.1400000e-01  -8.6426871e-05
   7.1500000e-01  -8.5584894e-05
   7.1600000e-01  -8.4830137e-05
   7.1700000e-01  -8.4150515e-05
   7.1800000e-01  -8.3498486e-05
   7.1900000e-01  -8.2889794e-05
   7.2000000e-01  -8.2253730e-05
   7.2100000e-01  -8.1590015e-05
   7.2200000e-01  -8.0949258e-05
   7.2300000e-01  -8.0363620e-05
   7.2400000e-01  -7.9819397e-05
   7.2500000e-01  -7.9324051e-05
   7.2600000e-01  -7.8833888e-05
   7.2700000e-01  -7.8341809e-05
   7.2800000e-01  -7.7849472e-05
   7.2900000e-01  -7.7354199e-05
   7.3000000e-01  -7.6930236e-05
   7.3100000e-01  -7.6570645e-05
   7.3200000e-01  -7.6221398e-05
   7.3300000e-01  -7.5861305e-05
   7.3400000e-01  -7.5485571e-05
   7.3500000e-01  -7.5122900e-05
   7.3600000e-01  -7.4805148e-05
   7.3700000e-01  -7.4552546e-05
   7.3800000e-01  -7.4334144e-05
   7.3900000e-01  -7.4079249e-05
   7.4000000e-01  -7.3788463e-05
   7.4100000e-01  -7.3500252e-05
   7.4200000e-01  -7.3349130e-05
   7.4300000e-01  -7.3602313e-05
   7.4400000e-01  -7.4222270e-05
   7.4500000e-01  -7.4948652e-05
   7.4600000e-01  -7.5294560e-05
   7.4700000e-01  -7.5336975e-05
   7.4800000e-01  -7.5307323e-05
   7.4900000e-01  -7.5434430e-05
   7.5000000e-01  -7.5841527e-05
   7.5100000e-01  -7.6111252e-05
   7.5200000e-01  -7.5418660e-05
   7.5300000e-01  -7.3810288e-05
   7.5400000e-01  -7.2134820e-05
   7.5500000e-01  -7.0969228e-05
   7.5600000e-01  -7.0247639e-05
   7.5700000e-01  -6.9765071e-05
   7.5800000e-01  -6.9458788e-05
   7.5900000e-01  -6.9256023e-05
   7.6000000e-01  -6.9081957e-05
   7.6100000e-01  -6.8930041e-05
   7.6200000e-01  -6.8792630e-05
   7.6300000e-01  -6.8620757e-05
   7.6400000e-01  -6.8402764e-05
   7.6500000e-01  -6.8215611e-05
   7.6600000e-01  -6.8077184e-05
   7.6700000e-01  -6.7939496e-05
   7.6800000e-01  -6.7818869e-05
   7.6900000e-01  -6.7721250e-05
   7.7000000e-01  -6.7617194e-05
   7.7100000e-01  -6.7488676e-05
   7.7200000e-01  -6.7366686e-05
   7.7300000e-01  -6.7230933e-05
   7.7400000e-01  -6.7061741e-05
   7.7500000e-01  -6.6915076e-05
   7.7600000e-01  -6.6803717e-05
   7.7700000e-01  -6.6675408e-05
   7.7800000e-01  -6.6527473e-05
   7.7900000e-01  -6.6391720e-05
   7.8000000e-01  -6.6283744e-05
   7.8100000e-01  -6.6186310e-05
   7.8200000e-01  -6.6060795e-05
   7.8300000e-01  -6.5942070e-05
   7.8400000e-01  -6.5869880e-05
   7.8500000e-01  -6.5811108e-05
   7.8600000e-01  -6.5763957e-05
   7.8700000e-01  -6.5733093e-05
   7.8800000e-01  -6.5681736e-05
   7.8900000e-01  -6.5612525e-05
   7.9000000e-01  -6.5529122e-05
   7.9100000e-01  -6.5413181e-05
   7.9200000e-01  -6.5303800e-05
   7.9300000e-01  -6.5206751e-05
   7.9400000e-01  -6.5101049e-05
   7.9500000e-01  -6.4974403e-05
   7.9600000e-01  -6.4866143e-05
   7.9700000e-01  -6.4850046e-05
   7.9800000e-01  -6.4921875e-05
   7.9900000e-01  -6.5012742e-05
   8.0000000e-01  -6.5068895e-05
   8.0100000e-01  -6.5035679e-05
   8.0200000e-01  -6.4935150e-05
   8.0300000e-01  -6.4843361e-05
   8.0400000e-01  -6.4766068e-05
   8.0500000e-01  -6.4705061e-05
   8.0600000e-01  -6.4668310e-05
   8.0700000e-01  -6.4644925e-05
   8.0800000e-01  -6.4601481e-05
   8.0900000e-01  -6.4533732e-05
   8.1000000e-01  -6.4459679e-05
   8.1100000e-01  -6.4374510e-05
   8.1200000e-01  -6.4270993e-05
   8.1300000e-01  -6.4184890e-05
   8.1400000e-01  -6.4155206e-05
   8.1500000e-01  -6.4169375e-05
   8.1600000e-01  -6.4176890e-05
   8.1700000e-01  -6.4123993e-05
   8.1800000e-01  -6.4006978e-05
   8.1900000e-01  -6.3904790e-05
   8.2000000e-01  -6.3870238e-05
   8.2100000e-01  -6.3821583e-05
   8.2200000e-01  -6.3698218e-05
   8.2300000e-01  -6.3582175e-05
   8.2400000e-01  -6.3493453e-05
   8.2500000e-01  -6.3394569e-05
   8.2600000e-01  -6.3323478e-05
   8.2700000e-01  -6.3289522e-05
   8.2800000e-01  -6.3230361e-05
   8.2900000e-01  -6.3138419e-05
   8.3000000e-01  -6.3021800e-05
   8.3100000e-01  -6.2912424e-05
   8.3200000e-01  -6.2824997e-05
   8.3300000e-01  -6.2740816e-05
   8.3400000e-01  -6.2659999e-05
   8.3500000e-01  -6.2612939e-05
   8.3600000e-01  -6.2609314e-05
   8.3700000e-01  -6.2613013e-05
   8.3800000e-01  -6.2588461e-05
   8.3900000e-01  -6.2547375e-05
   8.4000000e-01  -6.2543703e-05
   8.4100000e-01  -6.2569766e-05
   8.4200000e-01  -6.2560142e-05
   8.4300000e-01  -6.2548472e-05
   8.4400000e-01  -6.2521299e-05
   8.4500000e-01  -6.2440307e-05
   8.4600000e-01  -6.2335550e-05
   8.4700000e-01  -6.2265814e-05
   8.4800000e-01  -6.2224027e-05
   8.4900000e-01  -6.2190148e-05
   8.5000000e-01  -6.2166525e-05
   8.5100000e-01  -6.2167436e-05
   8.5200000e-01  -6.2144751e-05
   8.5300000e-01  -6.2101089e-05
   8.5400000e-01  -6.2059710e-05
   8.5500000e-01  -6.2048840e-05
   8.5600000e-01  -6.2043184e-05
   8.5700000e-01  -6.2022784e-05
   8.5800000e-01  -6.1988467e-05
   8.5900000e-01  -6.1963611e-05
   8.6000000e-01  -6.1964201e-05
   8.6100000e-01  -6.1952086e-05
   8.6200000e-01  -6.1905899e-05
   8.6300000e-01  -6.1851701e-05
   8.6400000e-01  -6.1800455e-05
   8.6500000e-01  -6.1769175e-05
   8.6600000e-01  -6.1773457e-05
   8.6700000e-01  -6.1800205e-05
   8.6800000e-01  -6.1845313e-05
   8.6900000e-01  -6.1877680e-05
   8.7000000e-01  -6.1866112e-05
   8.7100000e-01  -6.1816316e-05
   8.7200000e-01  -6.2142694e-05
   8.7300000e-01  -6.4072480e-05
   8.7400000e-01  -6.8286743e-05
   8.7500000e-01  -7.3289913e-05
   8.7600000e-01  -7.7658549e-05
   8.7700000e-01  -7.9518311e-05
   8.7800000e-01  -7.9810051e-05
   8.7900000e-01  -7.9254946e-05
   8.8000000e-01  -7.8207805e-05
   8.8100000e-01  -7.6993234e-05
   8.8200000e-01  -7.5843286e-05
   8.8300000e-01  -7.4867330e-05
   8.8400000e-01  -7.3984284e-05
   8.8500000e-01  -7.3037838e-05
   8.8600000e-01  -7.2056210e-05
   8.8700000e-01  -7.1161260e-05
   8.8800000e-01  -7.0385248e-05
   8.8900000e-01  -6.9750402e-05
   8.9000000e-01  -6.9261647e-05
   8.9100000e-01  -6.8888851e-05
   8.9200000e-01  -6.8564829e-05
   8.9300000e-01  -6.8283893e-05
   8.9400000e-01  -6.8019338e-05
   8.9500000e-01  -6.7805487e-05
   8.9600000e-01  -6.7632269e-05
   8.9700000e-01  -6.7498425e-05
   8.9800000e-01  -6.7444815e-05
   8.9900000e-01  -6.7411249e-05
   9.0000000e-01  -6.7409107e-05
   9.0100000e-01  -6.7352843e-05
   9.0200000e-01  -6.7240759e-05
   9.0300000e-01  -6.7145195e-05
   9.0400000e-01  -6.7075643e-05
   9.0500000e-01  -6.7043417e-05
   9.0600000e-01  -6.7029404e-05
   9.0700000e-01  -6.7004037e-05
   9.0800000e-01  -6.6976427e-05
   9.0900000e-01  -6.6940645e-05
   9.1000000e-01  -6.6908692e-05
   9.1100000e-01  -6.6896694e-05
   9.1200000e-01  -6.6862741e-05
   9.1300000e-01  -6.6812970e-05
   9.1400000e-01  -6.6776477e-05
   9.1500000e-01  -6.6734374e-05
   9.1600000e-01  -6.6693151e-05
   9.1700000e-01  -6.6680168e-05
   9.1800000e-01  -6.6690478e-05
   9.1900000e-01  -6.6726760e-05
   9.2000000e-01  -6.6769351e-05
   9.2100000e-01  -6.6750612e-05
   9.2200000e-01  -6.6701267e-05
   9.2300000e-01  -6.6664766e-05
   9.2400000e-01  -6.6696371e-05
   9.2500000e-01  -6.6759446e-05
   9.2600000e-01  -6.6817414e-05
   9.2700000e-01  -6.6854434e-05
   9.2800000e-01  -6.6907485e-05
   9.2900000e-01  -6.7002487e-05
   9.3000000e-01  -6.7111500e-05
   9.3100000e-01  -6.7200781e-05
   9.3200000e-01  -6.7285946e-05
   9.3300000e-01  -6.7369761e-05
   9.3400000e-01  -6.7410397e-05
   9.3500000e-01  -6.7426792e-05
   9.3600000e-01  -6.7491101e-05
   9.3700000e-01  -6.7593045e-05
   9.3800000e-01  -6.7669773e-05
   9.3900000e-01  -6.7738354e-05
   9.4000000e-01  -6.7785789e-05
   9.4100000e-01  -6.7859455e-05
   9.4200000e-01  -6.7954685e-05
   9.4300000e-01  -6.8036175e-05
   9.4400000e-01  -6.8100083e-05
   9.4500000e-01  -6.8173590e-05
   9.4600000e-01  -6.8218057e-05
   9.4700000e-01  -6.8277455e-05
   9.4800000e-01  -6.8319129e-05
   9.4900000e-01  -6.8388026e-05
   9.5000000e-01  -6.8451383e-05
   9.5100000e-01  -6.8491103e-05
   9.5200000e-01  -6.8527055e-05
   9.5300000e-01  -6.8573332e-05
   9.5400000e-01  -6.8661361e-05
   9.5500000e-01  -6.8758090e-05
   9.5600000e-01  -6.8833789e-05
   9.5700000e-01  -6.8909567e-05
   9.5800000e-01  -6.8975533e-05
   9.5900000e-01  -6.9029013e-05
   9.6000000e-01  -6.9100573e-05
   9.6100000e-01  -6.9214411e-05
   9.6200000e-01  -6.9365946e-05
   9.6300000e-01  -6.9523919e-05
   9.6400000e-01  -6.9710497e-05
   9.6500000e-01  -6.9894523e-05
   9.6600000e-01  -7.0093508e-05
   9.6700000e-01  -7.0330321e-05
   9.6800000e-01  -7.0647467e-05
   9.6900000e-01  -7.0863104e-05
   9.7000000e-01  -7.0993565e-05
   9.7100000e-01  -7.1105961e-05
   9.7200000e-01  -7.1283144e-05
   9.7300000e-01  -7.1538479e-05
   9.7400000e-01  -7.1712283e-05
   9.7500000e-01  -7.1963042e-05
   9.7600000e-01  -7.2212696e-05
   9.7700000e-01  -7.2481535e-05
   9.7800000e-01  -7.2754259e-05
   9.7900000e-01  -7.3017963e-05
   9.8000000e-01  -7.3281854e-05
   9.8100000e-01  -7.3549201e-05
   9.8200000e-01  -7.3822595e-05
   9.8300000e-01  -7.4119455e-05
   9.8400000e-01  -7.4454856e-05
   9.8500000e-01  -7.4815612e-05
   9.8600000e-01  -7.5156780e-05
   9.8700000e-01  -7.5484388e-05
   9.8800000e-01  -7.5814650e-05
   9.8900000e-01  -7.6210277e-05
   9.9000000e-01  -7.6707920e-05
   9.9100000e-01  -7.7147270e-05
   9.9200000e-01  -7.7584310e-05
   9.9300000e-01  -7.8032540e-05
   9.9400000e-01  -7.8480984e-05
   9.9500000e-01  -7.8948310e-05
   9.9600000e-01  -7.9395566e-05
   9.9700000e-01  -7.9888781e-05
   9.9800000e-01  -8.0459798e-05
   9.9900000e-01  -8.1125663e-05
   1.0000000e+00  -8.1854626e-05
