   2.6049172e-03   8.4039465e-01
   2.2959919e-02   1.2720277e+00
   4.3314921e-02   1.6297854e+00
   6.3669922e-02   1.9209648e+00
   8.4024924e-02   2.1528634e+00
   1.0437993e-01   2.3327784e+00
   1.2473493e-01   2.4680073e+00
   1.4508993e-01   2.5658473e+00
   1.6544493e-01   2.6335957e+00
   1.8579993e-01   2.6785497e+00
   2.0615493e-01   2.7080069e+00
   2.2650994e-01   2.7292645e+00
   2.4686494e-01   2.7496197e+00
   2.6721994e-01   2.7757459e+00
   2.8757494e-01   2.8088836e+00
   3.0792994e-01   2.8474767e+00
   3.2828494e-01   2.8899458e+00
   3.4863995e-01   2.9347113e+00
   3.6899495e-01   2.9801938e+00
   3.8934995e-01   3.0248140e+00
   4.0970495e-01   3.0669923e+00
   4.3005995e-01   3.1051494e+00
   4.5041495e-01   3.1377058e+00
   4.7076996e-01   3.1630821e+00
   4.9112496e-01   3.1796987e+00
   5.1147996e-01   3.1860546e+00
   5.3183496e-01   3.1824432e+00
   5.5218996e-01   3.1709536e+00
   5.7254496e-01   3.1537529e+00
   5.9289997e-01   3.1330078e+00
   6.1325497e-01   3.1108857e+00
   6.3360997e-01   3.0895532e+00
   6.5396497e-01   3.0711776e+00
   6.7431997e-01   3.0579256e+00
   6.9467497e-01   3.0519645e+00
   7.1502998e-01   3.0554612e+00
   7.3538498e-01   3.0705825e+00
   7.5573998e-01   3.0994838e+00
   7.7609498e-01   3.1428755e+00
   7.9644998e-01   3.1986633e+00
   8.1680498e-01   3.2644306e+00
   8.3715999e-01   3.3377605e+00
   8.5751499e-01   3.4162362e+00
   8.7786999e-01   3.4974413e+00
   8.9822499e-01   3.5789588e+00
   9.1857999e-01   3.6583720e+00
   9.3893499e-01   3.7332644e+00
   9.5929000e-01   3.8012191e+00
   9.7964500e-01   3.8598194e+00
   1.0000000e+00   3.9066486e+00
