9.9900000e-01  -5.7655682e-05
9.9800000e-01  -5.6647021e-05
9.9700000e-01  -5.5640420e-05
9.9600000e-01  -5.4618259e-05
9.9500000e-01  -5.3562761e-05
9.9400000e-01  -5.2545409e-05
9.9300000e-01  -5.1625402e-05
9.9200000e-01  -5.0736577e-05
9.9100000e-01  -4.9838938e-05
9.9000000e-01  -4.8899208e-05
9.8900000e-01  -4.7904576e-05
9.8800000e-01  -4.6983863e-05
9.8700000e-01  -4.6154166e-05
9.8600000e-01  -4.5356994e-05
9.8500000e-01  -4.4533436e-05
9.8400000e-01  -4.3656319e-05
9.8300000e-01  -4.2750068e-05
9.8200000e-01  -4.1861328e-05
9.8100000e-01  -4.1034881e-05
9.8000000e-01  -4.0212493e-05
9.7900000e-01  -3.9494859e-05
9.7800000e-01  -3.8868678e-05
9.7700000e-01  -3.8244180e-05
9.7600000e-01  -3.7545604e-05
9.7500000e-01  -3.6792115e-05
9.7400000e-01  -3.6113063e-05
9.7300000e-01  -3.5491013e-05
9.7200000e-01  -3.4901852e-05
9.7100000e-01  -3.4310537e-05
9.7000000e-01  -3.3747771e-05
9.6900000e-01  -3.3215346e-05
9.6800000e-01  -3.2720920e-05
9.6700000e-01  -3.2276167e-05
9.6600000e-01  -3.1867205e-05
9.6500000e-01  -3.1450419e-05
9.6400000e-01  -3.1059655e-05
9.6300000e-01  -3.0746698e-05
9.6200000e-01  -3.0459071e-05
9.6100000e-01  -3.0190047e-05
9.6000000e-01  -2.9997989e-05
9.5900000e-01  -2.9881011e-05
9.5800000e-01  -2.9791536e-05
9.5700000e-01  -2.9703119e-05
9.5600000e-01  -2.9646914e-05
9.5500000e-01  -2.9657702e-05
9.5400000e-01  -2.9667305e-05
9.5300000e-01  -2.9739078e-05
9.5200000e-01  -2.9822232e-05
9.5100000e-01  -2.9884965e-05
9.5000000e-01  -2.9976440e-05
9.4900000e-01  -3.0185514e-05
9.4800000e-01  -3.0505113e-05
9.4700000e-01  -3.0820796e-05
9.4600000e-01  -3.1115277e-05
9.4500000e-01  -3.1433531e-05
9.4400000e-01  -3.1755399e-05
9.4300000e-01  -3.2196048e-05
9.4200000e-01  -3.2653110e-05
9.4100000e-01  -3.3314638e-05
9.4000000e-01  -3.4032254e-05
9.3900000e-01  -3.4619322e-05
9.3800000e-01  -3.5150297e-05
9.3700000e-01  -3.5767229e-05
9.3600000e-01  -3.6437243e-05
9.3500000e-01  -3.7304753e-05
9.3400000e-01  -3.8208117e-05
9.3300000e-01  -3.9123166e-05
9.3200000e-01  -4.0023567e-05
9.3100000e-01  -4.0917139e-05
9.3000000e-01  -4.1838448e-05
9.2900000e-01  -4.2819962e-05
9.2800000e-01  -4.3872335e-05
9.2700000e-01  -4.4999394e-05
9.2600000e-01  -4.6214438e-05
9.2500000e-01  -4.7424766e-05
9.2400000e-01  -4.8608064e-05
9.2300000e-01  -4.9767193e-05
9.2200000e-01  -5.0889513e-05
9.2100000e-01  -5.1981063e-05
9.2000000e-01  -5.3081200e-05
9.1900000e-01  -5.4224739e-05
9.1800000e-01  -5.5379705e-05
9.1700000e-01  -5.6526017e-05
9.1600000e-01  -5.7643234e-05
9.1500000e-01  -5.8738480e-05
9.1400000e-01  -5.9771838e-05
9.1300000e-01  -6.0819204e-05
9.1200000e-01  -6.1869126e-05
9.1100000e-01  -6.2892227e-05
9.1000000e-01  -6.3886612e-05
9.0900000e-01  -6.4805998e-05
9.0800000e-01  -6.5626424e-05
9.0700000e-01  -6.6528333e-05
9.0600000e-01  -6.7413134e-05
9.0500000e-01  -6.8199755e-05
9.0400000e-01  -6.8861090e-05
9.0300000e-01  -6.9421790e-05
9.0200000e-01  -6.9946348e-05
9.0100000e-01  -7.0475318e-05
9.0000000e-01  -7.0998524e-05
8.9900000e-01  -7.1565516e-05
8.9800000e-01  -7.2154709e-05
8.9700000e-01  -7.2667609e-05
8.9600000e-01  -7.3246016e-05
8.9500000e-01  -7.3710713e-05
8.9400000e-01  -7.4058472e-05
8.9300000e-01  -7.4384315e-05
8.9200000e-01  -7.4743292e-05
8.9100000e-01  -7.5092789e-05
8.9000000e-01  -7.5364071e-05
8.8900000e-01  -7.5687386e-05
8.8800000e-01  -7.5948488e-05
8.8700000e-01  -7.6205650e-05
8.8600000e-01  -7.6456903e-05
8.8500000e-01  -7.6651612e-05
8.8400000e-01  -7.6815434e-05
8.8300000e-01  -7.6971684e-05
8.8200000e-01  -7.7118198e-05
8.8100000e-01  -7.7292987e-05
8.8000000e-01  -7.7449431e-05
8.7900000e-01  -7.7651556e-05
8.7800000e-01  -7.7768143e-05
8.7700000e-01  -7.7878585e-05
8.7600000e-01  -7.7970575e-05
8.7500000e-01  -7.8081953e-05
8.7400000e-01  -7.8185194e-05
8.7300000e-01  -7.8228748e-05
8.7200000e-01  -7.8230372e-05
8.7100000e-01  -7.8132402e-05
8.7000000e-01  -7.7815756e-05
8.6900000e-01  -7.7632627e-05
8.6800000e-01  -7.7567813e-05
8.6700000e-01  -7.7559012e-05
8.6600000e-01  -7.7484571e-05
8.6500000e-01  -7.7357526e-05
8.6400000e-01  -7.7191050e-05
8.6300000e-01  -7.6958902e-05
8.6200000e-01  -7.6837702e-05
8.6100000e-01  -7.6657804e-05
8.6000000e-01  -7.6463135e-05
8.5900000e-01  -7.6182874e-05
8.5800000e-01  -7.5844721e-05
8.5700000e-01  -7.5463016e-05
8.5600000e-01  -7.5076695e-05
8.5500000e-01  -7.4691846e-05
8.5400000e-01  -7.4271026e-05
8.5300000e-01  -7.3797369e-05
8.5200000e-01  -7.3283714e-05
8.5100000e-01  -7.2767020e-05
8.5000000e-01  -7.2226690e-05
8.4900000e-01  -7.1716271e-05
8.4800000e-01  -7.1145496e-05
8.4700000e-01  -7.0533759e-05
8.4600000e-01  -6.9906647e-05
8.4500000e-01  -6.9248958e-05
8.4400000e-01  -6.8549493e-05
8.4300000e-01  -6.7802503e-05
8.4200000e-01  -6.7039827e-05
8.4100000e-01  -6.6284616e-05
8.4000000e-01  -6.5557504e-05
8.3900000e-01  -6.4826389e-05
8.3800000e-01  -6.4065087e-05
8.3700000e-01  -6.3271614e-05
8.3600000e-01  -6.2456417e-05
8.3500000e-01  -6.1622257e-05
8.3400000e-01  -6.0768872e-05
8.3300000e-01  -5.9983678e-05
8.3200000e-01  -5.9156969e-05
8.3100000e-01  -5.8309332e-05
8.3000000e-01  -5.7453655e-05
8.2900000e-01  -5.6593336e-05
8.2800000e-01  -5.5723964e-05
8.2700000e-01  -5.4847955e-05
8.2600000e-01  -5.3974426e-05
8.2500000e-01  -5.3087343e-05
8.2400000e-01  -5.2089049e-05
8.2300000e-01  -5.1087507e-05
8.2200000e-01  -5.0130378e-05
8.2100000e-01  -4.9219940e-05
8.2000000e-01  -4.8320186e-05
8.1900000e-01  -4.7390881e-05
8.1800000e-01  -4.6472117e-05
8.1700000e-01  -4.5573777e-05
8.1600000e-01  -4.4611686e-05
8.1500000e-01  -4.3684643e-05
8.1400000e-01  -4.2746913e-05
8.1300000e-01  -4.1826439e-05
8.1200000e-01  -4.0914242e-05
8.1100000e-01  -4.0001840e-05
8.1000000e-01  -3.9089959e-05
8.0900000e-01  -3.8185878e-05
8.0800000e-01  -3.7305654e-05
8.0700000e-01  -3.6463652e-05
8.0600000e-01  -3.5647555e-05
8.0500000e-01  -3.4830560e-05
8.0400000e-01  -3.3999635e-05
8.0300000e-01  -3.3182709e-05
8.0200000e-01  -3.2388329e-05
8.0100000e-01  -3.1663676e-05
8.0000000e-01  -3.0968644e-05
7.9900000e-01  -3.0266801e-05
7.9800000e-01  -2.9560298e-05
7.9700000e-01  -2.8825892e-05
7.9600000e-01  -2.8082729e-05
7.9500000e-01  -2.7437622e-05
7.9400000e-01  -2.6801275e-05
7.9300000e-01  -2.6221483e-05
7.9200000e-01  -2.5675662e-05
7.9100000e-01  -2.5127593e-05
7.9000000e-01  -2.4559966e-05
7.8900000e-01  -2.3990427e-05
7.8800000e-01  -2.3453872e-05
7.8700000e-01  -2.2943850e-05
7.8600000e-01  -2.2406723e-05
7.8500000e-01  -2.1882213e-05
7.8400000e-01  -2.1456129e-05
7.8300000e-01  -2.1064862e-05
7.8200000e-01  -2.0603525e-05
7.8100000e-01  -1.9959414e-05
7.8000000e-01  -1.9165823e-05
7.7900000e-01  -1.8463635e-05
7.7800000e-01  -1.8094668e-05
7.7700000e-01  -1.7867821e-05
7.7600000e-01  -1.7602557e-05
7.7500000e-01  -1.7411383e-05
7.7400000e-01  -1.7277316e-05
7.7300000e-01  -1.7094744e-05
7.7200000e-01  -1.6875854e-05
7.7100000e-01  -1.6678565e-05
7.7000000e-01  -1.6523211e-05
7.6900000e-01  -1.6399937e-05
7.6800000e-01  -1.6260935e-05
7.6700000e-01  -1.6130998e-05
7.6600000e-01  -1.5927206e-05
7.6500000e-01  -1.5822989e-05
7.6400000e-01  -1.5758819e-05
7.6300000e-01  -1.5667154e-05
7.6200000e-01  -1.5540264e-05
7.6100000e-01  -1.5422089e-05
7.6000000e-01  -1.5362067e-05
7.5900000e-01  -1.5356889e-05
7.5800000e-01  -1.5259309e-05
7.5700000e-01  -1.5148073e-05
7.5600000e-01  -1.5114102e-05
7.5500000e-01  -1.5145698e-05
7.5400000e-01  -1.5174166e-05
7.5300000e-01  -1.5171830e-05
7.5200000e-01  -1.5219902e-05
7.5100000e-01  -1.5375925e-05
7.5000000e-01  -1.5456572e-05
7.4900000e-01  -1.5516090e-05
7.4800000e-01  -1.5535597e-05
7.4700000e-01  -1.5565066e-05
7.4600000e-01  -1.5635027e-05
7.4500000e-01  -1.5753817e-05
7.4400000e-01  -1.5863445e-05
7.4300000e-01  -1.5926357e-05
7.4200000e-01  -1.5965745e-05
7.4100000e-01  -1.6013847e-05
7.4000000e-01  -1.6069952e-05
7.3900000e-01  -1.6150229e-05
7.3800000e-01  -1.6273845e-05
7.3700000e-01  -1.6431624e-05
7.3600000e-01  -1.6582111e-05
7.3500000e-01  -1.6676333e-05
7.3400000e-01  -1.6716036e-05
7.3300000e-01  -1.6725462e-05
7.3200000e-01  -1.6726220e-05
7.3100000e-01  -1.6812851e-05
7.3000000e-01  -1.6956744e-05
7.2900000e-01  -1.7116328e-05
7.2800000e-01  -1.7214122e-05
7.2700000e-01  -1.7329567e-05
7.2600000e-01  -1.7390095e-05
7.2500000e-01  -1.7414881e-05
7.2400000e-01  -1.7486004e-05
7.2300000e-01  -1.7608966e-05
7.2200000e-01  -1.7710525e-05
7.2100000e-01  -1.7860136e-05
7.2000000e-01  -1.7905542e-05
7.1900000e-01  -1.8021963e-05
7.1800000e-01  -1.8109705e-05
7.1700000e-01  -1.8227526e-05
7.1600000e-01  -1.8325396e-05
7.1500000e-01  -1.8364694e-05
7.1400000e-01  -1.8382165e-05
7.1300000e-01  -1.8400524e-05
7.1200000e-01  -1.8452521e-05
7.1100000e-01  -1.8514994e-05
7.1000000e-01  -1.8574255e-05
7.0900000e-01  -1.8611398e-05
7.0800000e-01  -1.8610730e-05
7.0700000e-01  -1.8621648e-05
7.0600000e-01  -1.8667511e-05
7.0500000e-01  -1.8703485e-05
7.0400000e-01  -1.8704895e-05
7.0300000e-01  -1.8810568e-05
7.0200000e-01  -1.8850454e-05
7.0100000e-01  -1.8899378e-05
7.0000000e-01  -1.8886679e-05
6.9900000e-01  -1.8843204e-05
6.9800000e-01  -1.8847096e-05
6.9700000e-01  -1.8878913e-05
6.9600000e-01  -1.8903456e-05
6.9500000e-01  -1.8931178e-05
6.9400000e-01  -1.8933454e-05
6.9300000e-01  -1.8927343e-05
6.9200000e-01  -1.8873840e-05
6.9100000e-01  -1.8799998e-05
6.9000000e-01  -1.8720678e-05
6.8900000e-01  -1.8571076e-05
6.8800000e-01  -1.8450572e-05
6.8700000e-01  -1.8424263e-05
6.8600000e-01  -1.8422771e-05
6.8500000e-01  -1.8365722e-05
6.8400000e-01  -1.8224009e-05
6.8300000e-01  -1.8055329e-05
6.8200000e-01  -1.8021113e-05
6.8100000e-01  -1.8003231e-05
6.8000000e-01  -1.7943388e-05
6.7900000e-01  -1.7850448e-05
6.7800000e-01  -1.7770066e-05
6.7700000e-01  -1.7726830e-05
6.7600000e-01  -1.7677481e-05
6.7500000e-01  -1.7528789e-05
6.7400000e-01  -1.7346646e-05
6.7300000e-01  -1.7193851e-05
6.7200000e-01  -1.7020412e-05
6.7100000e-01  -1.6816326e-05
6.7000000e-01  -1.6660233e-05
6.6900000e-01  -1.6567319e-05
6.6800000e-01  -1.6444258e-05
6.6700000e-01  -1.6210102e-05
6.6600000e-01  -1.5955413e-05
6.6500000e-01  -1.5742050e-05
6.6400000e-01  -1.5470945e-05
6.6300000e-01  -1.5221298e-05
6.6200000e-01  -1.4981807e-05
6.6100000e-01  -1.4746412e-05
6.6000000e-01  -1.4497855e-05
6.5900000e-01  -1.4225428e-05
6.5800000e-01  -1.3933840e-05
6.5700000e-01  -1.3633718e-05
6.5600000e-01  -1.3336403e-05
6.5500000e-01  -1.3047285e-05
6.5400000e-01  -1.2707269e-05
6.5300000e-01  -1.2405777e-05
6.5200000e-01  -1.2137094e-05
6.5100000e-01  -1.1863575e-05
6.5000000e-01  -1.1560040e-05
6.4900000e-01  -1.1218659e-05
6.4800000e-01  -1.0840465e-05
6.4700000e-01  -1.0448265e-05
6.4600000e-01  -1.0102684e-05
6.4500000e-01  -9.7275398e-06
6.4400000e-01  -9.3471735e-06
6.4300000e-01  -8.9495816e-06
6.4200000e-01  -8.5440993e-06
6.4100000e-01  -8.1564414e-06
6.4000000e-01  -7.7862556e-06
6.3900000e-01  -7.3906182e-06
6.3800000e-01  -6.9345461e-06
6.3700000e-01  -6.4998228e-06
6.3600000e-01  -6.1577005e-06
6.3500000e-01  -5.7455642e-06
6.3400000e-01  -5.3259770e-06
6.3300000e-01  -4.9007961e-06
6.3200000e-01  -4.4504589e-06
6.3100000e-01  -3.9508770e-06
6.3000000e-01  -3.4314640e-06
6.2900000e-01  -2.9758731e-06
6.2800000e-01  -2.4924609e-06
6.2700000e-01  -1.9536401e-06
6.2600000e-01  -1.4368327e-06
6.2500000e-01  -9.5807603e-07
6.2400000e-01  -5.1980174e-07
6.2300000e-01  -3.5289211e-08
6.2200000e-01   4.8646585e-07
6.2100000e-01   9.7761231e-07
6.2000000e-01   1.4402196e-06
6.1900000e-01   1.9155031e-06
6.1800000e-01   2.4837960e-06
6.1700000e-01   3.0974022e-06
6.1600000e-01   3.7100797e-06
6.1500000e-01   4.2248258e-06
6.1400000e-01   4.7586839e-06
6.1300000e-01   5.3323518e-06
6.1200000e-01   5.8813972e-06
6.1100000e-01   6.3696209e-06
6.1000000e-01   6.8051993e-06
6.0900000e-01   7.2692819e-06
6.0800000e-01   7.7695874e-06
6.0700000e-01   8.3044379e-06
6.0600000e-01   8.8856951e-06
6.0500000e-01   9.4943512e-06
6.0400000e-01   1.0089189e-05
6.0300000e-01   1.0638096e-05
6.0200000e-01   1.1179510e-05
6.0100000e-01   1.1794350e-05
6.0000000e-01   1.2352016e-05
5.9900000e-01   1.2993455e-05
5.9800000e-01   1.3631450e-05
5.9700000e-01   1.4308417e-05
5.9600000e-01   1.4990369e-05
5.9500000e-01   1.5632515e-05
5.9400000e-01   1.6248814e-05
5.9300000e-01   1.6898947e-05
5.9200000e-01   1.7602027e-05
5.9100000e-01   1.8261233e-05
5.9000000e-01   1.8843803e-05
5.8900000e-01   1.9497905e-05
5.8800000e-01   2.0172973e-05
5.8700000e-01   2.0811949e-05
5.8600000e-01   2.1418696e-05
5.8500000e-01   2.2015616e-05
5.8400000e-01   2.2641939e-05
5.8300000e-01   2.3312564e-05
5.8200000e-01   2.3960931e-05
5.8100000e-01   2.4607355e-05
5.8000000e-01   2.5268890e-05
5.7900000e-01   2.5948947e-05
5.7800000e-01   2.6692647e-05
5.7700000e-01   2.7373439e-05
5.7600000e-01   2.8018044e-05
5.7500000e-01   2.8679868e-05
5.7400000e-01   2.9341373e-05
5.7300000e-01   2.9972889e-05
5.7200000e-01   3.0582536e-05
5.7100000e-01   3.1152288e-05
5.7000000e-01   3.1758769e-05
5.6900000e-01   3.2367055e-05
5.6800000e-01   3.3016187e-05
5.6700000e-01   3.3687769e-05
5.6600000e-01   3.4370444e-05
5.6500000e-01   3.5046704e-05
5.6400000e-01   3.5672970e-05
5.6300000e-01   3.6257289e-05
5.6200000e-01   3.6859130e-05
5.6100000e-01   3.7534856e-05
5.6000000e-01   3.8131894e-05
5.5900000e-01   3.8705173e-05
5.5800000e-01   3.9332356e-05
5.5700000e-01   3.9952600e-05
5.5600000e-01   4.0522434e-05
5.5500000e-01   4.1099371e-05
5.5400000e-01   4.1707375e-05
5.5300000e-01   4.2369794e-05
5.5200000e-01   4.3013848e-05
5.5100000e-01   4.3598683e-05
5.5000000e-01   4.4138740e-05
5.4900000e-01   4.4693064e-05
5.4800000e-01   4.5286843e-05
5.4700000e-01   4.5880598e-05
5.4600000e-01   4.6416828e-05
5.4500000e-01   4.6894610e-05
5.4400000e-01   4.7370528e-05
5.4300000e-01   4.7762774e-05
5.4200000e-01   4.8232486e-05
5.4100000e-01   4.8765899e-05
5.4000000e-01   4.9307852e-05
5.3900000e-01   4.9827417e-05
5.3800000e-01   5.0322270e-05
5.3700000e-01   5.0809442e-05
5.3600000e-01   5.1299787e-05
5.3500000e-01   5.1767865e-05
5.3400000e-01   5.2244839e-05
5.3300000e-01   5.2739818e-05
5.3200000e-01   5.3286255e-05
5.3100000e-01   5.3783876e-05
5.3000000e-01   5.4280200e-05
5.2900000e-01   5.4831977e-05
5.2800000e-01   5.5360993e-05
5.2700000e-01   5.5801654e-05
5.2600000e-01   5.6337003e-05
5.2500000e-01   5.6804600e-05
5.2400000e-01   5.7149271e-05
5.2300000e-01   5.7615447e-05
5.2200000e-01   5.8082427e-05
5.2100000e-01   5.8522549e-05
5.2000000e-01   5.8982798e-05
5.1900000e-01   5.9449683e-05
5.1800000e-01   5.9888563e-05
5.1700000e-01   6.0345083e-05
5.1600000e-01   6.0793325e-05
5.1500000e-01   6.1233309e-05
5.1400000e-01   6.1647477e-05
5.1300000e-01   6.2195482e-05
5.1200000e-01   6.2977346e-05
5.1100000e-01   6.3824666e-05
5.1000000e-01   6.4484779e-05
5.0900000e-01   6.4897741e-05
5.0800000e-01   6.5222413e-05
5.0700000e-01   6.5514053e-05
5.0600000e-01   6.5833889e-05
5.0500000e-01   6.6124447e-05
5.0400000e-01   6.6399992e-05
5.0300000e-01   6.6766533e-05
5.0200000e-01   6.7163545e-05
5.0100000e-01   6.7492534e-05
5.0000000e-01   6.7775805e-05
4.9900000e-01   6.8104644e-05
4.9800000e-01   6.8440743e-05
4.9700000e-01   6.8747253e-05
4.9600000e-01   6.9073627e-05
4.9500000e-01   6.9470459e-05
4.9400000e-01   6.9806903e-05
4.9300000e-01   7.0132794e-05
4.9200000e-01   7.0493069e-05
4.9100000e-01   7.0885112e-05
4.9000000e-01   7.1261200e-05
4.8900000e-01   7.1573650e-05
4.8800000e-01   7.1889029e-05
4.8700000e-01   7.2238174e-05
4.8600000e-01   7.2535097e-05
4.8500000e-01   7.2793121e-05
4.8400000e-01   7.3085176e-05
4.8300000e-01   7.3392413e-05
4.8200000e-01   7.3696513e-05
4.8100000e-01   7.4009585e-05
4.8000000e-01   7.4333170e-05
4.7900000e-01   7.4633472e-05
4.7800000e-01   7.4980859e-05
4.7700000e-01   7.5354540e-05
4.7600000e-01   7.5747647e-05
4.7500000e-01   7.6059134e-05
4.7400000e-01   7.6366059e-05
4.7300000e-01   7.6719578e-05
4.7200000e-01   7.7111715e-05
4.7100000e-01   7.7508880e-05
4.7000000e-01   7.7869513e-05
4.6900000e-01   7.8193685e-05
4.6800000e-01   7.8623739e-05
4.6700000e-01   7.9044584e-05
4.6600000e-01   7.9491895e-05
4.6500000e-01   7.9906122e-05
4.6400000e-01   8.0303168e-05
4.6300000e-01   8.0708935e-05
4.6200000e-01   8.1125339e-05
4.6100000e-01   8.1548609e-05
4.6000000e-01   8.1929103e-05
4.5900000e-01   8.2242173e-05
4.5800000e-01   8.2628088e-05
4.5700000e-01   8.3015120e-05
4.5600000e-01   8.3384329e-05
4.5500000e-01   8.3757867e-05
4.5400000e-01   8.4173681e-05
4.5300000e-01   8.4625504e-05
4.5200000e-01   8.5045294e-05
4.5100000e-01   8.5380453e-05
4.5000000e-01   8.5684232e-05
4.4900000e-01   8.5987674e-05
4.4800000e-01   8.6412732e-05
4.4700000e-01   8.6852045e-05
4.4600000e-01   8.7266153e-05
4.4500000e-01   8.7634912e-05
4.4400000e-01   8.8023511e-05
4.4300000e-01   8.8503116e-05
4.4200000e-01   8.8968420e-05
4.4100000e-01   8.9350792e-05
4.4000000e-01   8.9803490e-05
4.3900000e-01   9.0213472e-05
4.3800000e-01   9.0597742e-05
4.3700000e-01   9.0974318e-05
4.3600000e-01   9.1324054e-05
4.3500000e-01   9.1650323e-05
4.3400000e-01   9.1969840e-05
4.3300000e-01   9.2282479e-05
4.3200000e-01   9.2644676e-05
4.3100000e-01   9.2972444e-05
4.3000000e-01   9.3441242e-05
4.2900000e-01   9.3800314e-05
4.2800000e-01   9.4026277e-05
4.2700000e-01   9.4246713e-05
4.2600000e-01   9.4530656e-05
4.2500000e-01   9.4838837e-05
4.2400000e-01   9.5130215e-05
4.2300000e-01   9.5473659e-05
4.2200000e-01   9.5827353e-05
4.2100000e-01   9.6068616e-05
4.2000000e-01   9.6376734e-05
4.1900000e-01   9.6759545e-05
4.1800000e-01   9.7159559e-05
4.1700000e-01   9.7515782e-05
4.1600000e-01   9.7813144e-05
4.1500000e-01   9.8091946e-05
4.1400000e-01   9.8399721e-05
4.1300000e-01   9.8686369e-05
4.1200000e-01   9.8976350e-05
4.1100000e-01   9.9155455e-05
4.1000000e-01   9.9352909e-05
4.0900000e-01   9.9650844e-05
4.0800000e-01   9.9966487e-05
4.0700000e-01   1.0026851e-04
4.0600000e-01   1.0058555e-04
4.0500000e-01   1.0087432e-04
4.0400000e-01   1.0110205e-04
4.0300000e-01   1.0134663e-04
4.0200000e-01   1.0155135e-04
4.0100000e-01   1.0177111e-04
4.0000000e-01   1.0202540e-04
3.9900000e-01   1.0227778e-04
3.9800000e-01   1.0249969e-04
3.9700000e-01   1.0269074e-04
3.9600000e-01   1.0287427e-04
3.9500000e-01   1.0309148e-04
3.9400000e-01   1.0331212e-04
3.9300000e-01   1.0353201e-04
3.9200000e-01   1.0368521e-04
3.9100000e-01   1.0379272e-04
3.9000000e-01   1.0395293e-04
3.8900000e-01   1.0411762e-04
3.8800000e-01   1.0424546e-04
3.8700000e-01   1.0440370e-04
3.8600000e-01   1.0463869e-04
3.8500000e-01   1.0485106e-04
3.8400000e-01   1.0501785e-04
3.8300000e-01   1.0513082e-04
3.8200000e-01   1.0525113e-04
3.8100000e-01   1.0545015e-04
3.8000000e-01   1.0564608e-04
3.7900000e-01   1.0582416e-04
3.7800000e-01   1.0600990e-04
3.7700000e-01   1.0613844e-04
3.7600000e-01   1.0624592e-04
3.7500000e-01   1.0628574e-04
3.7400000e-01   1.0634244e-04
3.7300000e-01   1.0644162e-04
3.7200000e-01   1.0654899e-04
3.7100000e-01   1.0666622e-04
3.7000000e-01   1.0680682e-04
3.6900000e-01   1.0694527e-04
3.6800000e-01   1.0704538e-04
3.6700000e-01   1.0715889e-04
3.6600000e-01   1.0725128e-04
3.6500000e-01   1.0720000e-04
3.6400000e-01   1.0719089e-04
3.6300000e-01   1.0718791e-04
3.6200000e-01   1.0722213e-04
3.6100000e-01   1.0722504e-04
3.6000000e-01   1.0720255e-04
3.5900000e-01   1.0727298e-04
3.5800000e-01   1.0745304e-04
3.5700000e-01   1.0759609e-04
3.5600000e-01   1.0770347e-04
3.5500000e-01   1.0776827e-04
3.5400000e-01   1.0787876e-04
3.5300000e-01   1.0797402e-04
3.5200000e-01   1.0813540e-04
3.5100000e-01   1.0833338e-04
3.5000000e-01   1.0846073e-04
3.4900000e-01   1.0853298e-04
3.4800000e-01   1.0857397e-04
3.4700000e-01   1.0870975e-04
3.4600000e-01   1.0884470e-04
3.4500000e-01   1.0897216e-04
3.4400000e-01   1.0910926e-04
3.4300000e-01   1.0926821e-04
3.4200000e-01   1.0943838e-04
3.4100000e-01   1.0960724e-04
3.4000000e-01   1.0976354e-04
3.3900000e-01   1.0987044e-04
3.3800000e-01   1.0996988e-04
3.3700000e-01   1.1011386e-04
3.3600000e-01   1.1027450e-04
3.3500000e-01   1.1043903e-04
3.3400000e-01   1.1060657e-04
3.3300000e-01   1.1077318e-04
3.3200000e-01   1.1094444e-04
3.3100000e-01   1.1114699e-04
3.3000000e-01   1.1139289e-04
3.2900000e-01   1.1155612e-04
3.2800000e-01   1.1173800e-04
3.2700000e-01   1.1191886e-04
3.2600000e-01   1.1210008e-04
3.2500000e-01   1.1232335e-04
3.2400000e-01   1.1263235e-04
3.2300000e-01   1.1298446e-04
3.2200000e-01   1.1328911e-04
3.2100000e-01   1.1352456e-04
3.2000000e-01   1.1377037e-04
3.1900000e-01   1.1397114e-04
3.1800000e-01   1.1423361e-04
3.1700000e-01   1.1451364e-04
3.1600000e-01   1.1479546e-04
3.1500000e-01   1.1510810e-04
3.1400000e-01   1.1545836e-04
3.1300000e-01   1.1579802e-04
3.1200000e-01   1.1607766e-04
3.1100000e-01   1.1634008e-04
3.1000000e-01   1.1660269e-04
3.0900000e-01   1.1696390e-04
3.0800000e-01   1.1727366e-04
3.0700000e-01   1.1758582e-04
3.0600000e-01   1.1788528e-04
3.0500000e-01   1.1818023e-04
3.0400000e-01   1.1849007e-04
3.0300000e-01   1.1880887e-04
3.0200000e-01   1.1911935e-04
3.0100000e-01   1.1948145e-04
3.0000000e-01   1.1987769e-04
2.9900000e-01   1.2026505e-04
2.9800000e-01   1.2066093e-04
2.9700000e-01   1.2104426e-04
2.9600000e-01   1.2144849e-04
2.9500000e-01   1.2190011e-04
2.9400000e-01   1.2236387e-04
2.9300000e-01   1.2279901e-04
2.9200000e-01   1.2331635e-04
2.9100000e-01   1.2388381e-04
2.9000000e-01   1.2444231e-04
2.8900000e-01   1.2495681e-04
2.8800000e-01   1.2547725e-04
2.8700000e-01   1.2598677e-04
2.8600000e-01   1.2648929e-04
2.8500000e-01   1.2700283e-04
2.8400000e-01   1.2750900e-04
2.8300000e-01   1.2795910e-04
2.8200000e-01   1.2839217e-04
2.8100000e-01   1.2902499e-04
2.8000000e-01   1.2961074e-04
2.7900000e-01   1.3015051e-04
2.7800000e-01   1.3067920e-04
2.7700000e-01   1.3119214e-04
2.7600000e-01   1.3169315e-04
2.7500000e-01   1.3219084e-04
2.7400000e-01   1.3265882e-04
2.7300000e-01   1.3315745e-04
2.7200000e-01   1.3364858e-04
2.7100000e-01   1.3416820e-04
2.7000000e-01   1.3471486e-04
2.6900000e-01   1.3520355e-04
2.6800000e-01   1.3564147e-04
2.6700000e-01   1.3605964e-04
2.6600000e-01   1.3648262e-04
2.6500000e-01   1.3692791e-04
2.6400000e-01   1.3734696e-04
2.6300000e-01   1.3772314e-04
2.6200000e-01   1.3812838e-04
2.6100000e-01   1.3851586e-04
2.6000000e-01   1.3890786e-04
2.5900000e-01   1.3934907e-04
2.5800000e-01   1.3978934e-04
2.5700000e-01   1.4016210e-04
2.5600000e-01   1.4049371e-04
2.5500000e-01   1.4087282e-04
2.5400000e-01   1.4127504e-04
2.5300000e-01   1.4178336e-04
2.5200000e-01   1.4213637e-04
2.5100000e-01   1.4252480e-04
2.5000000e-01   1.4291801e-04
2.4900000e-01   1.4329136e-04
2.4800000e-01   1.4365694e-04
2.4700000e-01   1.4399673e-04
2.4600000e-01   1.4425363e-04
2.4500000e-01   1.4450383e-04
2.4400000e-01   1.4474071e-04
2.4300000e-01   1.4494585e-04
2.4200000e-01   1.4515132e-04
2.4100000e-01   1.4537245e-04
2.4000000e-01   1.4563388e-04
2.3900000e-01   1.4593140e-04
2.3800000e-01   1.4623225e-04
2.3700000e-01   1.4651416e-04
2.3600000e-01   1.4679556e-04
2.3500000e-01   1.4709379e-04
2.3400000e-01   1.4742878e-04
2.3300000e-01   1.4766540e-04
2.3200000e-01   1.4785282e-04
2.3100000e-01   1.4806511e-04
2.3000000e-01   1.4830858e-04
2.2900000e-01   1.4856478e-04
2.2800000e-01   1.4882718e-04
2.2700000e-01   1.4905869e-04
2.2600000e-01   1.4924109e-04
2.2500000e-01   1.4937954e-04
2.2400000e-01   1.4962441e-04
2.2300000e-01   1.4989013e-04
2.2200000e-01   1.5012826e-04
2.2100000e-01   1.5037236e-04
2.2000000e-01   1.5064194e-04
2.1900000e-01   1.5089933e-04
2.1800000e-01   1.5112580e-04
2.1700000e-01   1.5143159e-04
2.1600000e-01   1.5169283e-04
2.1500000e-01   1.5193292e-04
2.1400000e-01   1.5216776e-04
2.1300000e-01   1.5242481e-04
2.1200000e-01   1.5270282e-04
2.1100000e-01   1.5296704e-04
2.1000000e-01   1.5320521e-04
2.0900000e-01   1.5344735e-04
2.0800000e-01   1.5367750e-04
2.0700000e-01   1.5397407e-04
2.0600000e-01   1.5431108e-04
2.0500000e-01   1.5465716e-04
2.0400000e-01   1.5500230e-04
2.0300000e-01   1.5531888e-04
2.0200000e-01   1.5562214e-04
2.0100000e-01   1.5596708e-04
2.0000000e-01   1.5637737e-04
1.9900000e-01   1.5678132e-04
1.9800000e-01   1.5713554e-04
1.9700000e-01   1.5751880e-04
1.9600000e-01   1.5788371e-04
1.9500000e-01   1.5834651e-04
1.9400000e-01   1.5881047e-04
1.9300000e-01   1.5923568e-04
1.9200000e-01   1.5967154e-04
1.9100000e-01   1.6016000e-04
1.9000000e-01   1.6066004e-04
1.8900000e-01   1.6112488e-04
1.8800000e-01   1.6156123e-04
1.8700000e-01   1.6202297e-04
1.8600000e-01   1.6247211e-04
1.8500000e-01   1.6292237e-04
1.8400000e-01   1.6341961e-04
1.8300000e-01   1.6395352e-04
1.8200000e-01   1.6448409e-04
1.8100000e-01   1.6501813e-04
1.8000000e-01   1.6559991e-04
1.7900000e-01   1.6622046e-04
1.7800000e-01   1.6678024e-04
1.7700000e-01   1.6731667e-04
1.7600000e-01   1.6790311e-04
1.7500000e-01   1.6851122e-04
1.7400000e-01   1.6907430e-04
1.7300000e-01   1.6960092e-04
1.7200000e-01   1.7017169e-04
1.7100000e-01   1.7079609e-04
1.7000000e-01   1.7138251e-04
1.6900000e-01   1.7193276e-04
1.6800000e-01   1.7254559e-04
1.6700000e-01   1.7308003e-04
1.6600000e-01   1.7351761e-04
1.6500000e-01   1.7392299e-04
1.6400000e-01   1.7437417e-04
1.6300000e-01   1.7488491e-04
1.6200000e-01   1.7538917e-04
1.6100000e-01   1.7587532e-04
1.6000000e-01   1.7640772e-04
1.5900000e-01   1.7688772e-04
1.5800000e-01   1.7732449e-04
1.5700000e-01   1.7775551e-04
1.5600000e-01   1.7821536e-04
1.5500000e-01   1.7869719e-04
1.5400000e-01   1.7916816e-04
1.5300000e-01   1.7961127e-04
1.5200000e-01   1.8004327e-04
1.5100000e-01   1.8052408e-04
1.5000000e-01   1.8103234e-04
1.4900000e-01   1.8154814e-04
1.4800000e-01   1.8199586e-04
1.4700000e-01   1.8239003e-04
1.4600000e-01   1.8284547e-04
1.4500000e-01   1.8336920e-04
1.4400000e-01   1.8385305e-04
1.4300000e-01   1.8433796e-04
1.4200000e-01   1.8484750e-04
1.4100000e-01   1.8543425e-04
1.4000000e-01   1.8595272e-04
1.3900000e-01   1.8646450e-04
1.3800000e-01   1.8702797e-04
1.3700000e-01   1.8759362e-04
1.3600000e-01   1.8814490e-04
1.3500000e-01   1.8873935e-04
1.3400000e-01   1.8940497e-04
1.3300000e-01   1.9010292e-04
1.3200000e-01   1.9075011e-04
1.3100000e-01   1.9128347e-04
1.3000000e-01   1.9167209e-04
1.2900000e-01   1.9203417e-04
1.2800000e-01   1.9236488e-04
1.2700000e-01   1.9267596e-04
1.2600000e-01   1.9298298e-04
1.2500000e-01   1.9324028e-04
1.2400000e-01   1.9343921e-04
1.2300000e-01   1.9355076e-04
1.2200000e-01   1.9359347e-04
1.2100000e-01   1.9357968e-04
1.2000000e-01   1.9353985e-04
1.1900000e-01   1.9344250e-04
1.1800000e-01   1.9326687e-04
1.1700000e-01   1.9302030e-04
1.1600000e-01   1.9272626e-04
1.1500000e-01   1.9242584e-04
1.1400000e-01   1.9220988e-04
1.1300000e-01   1.9188714e-04
1.1200000e-01   1.9150992e-04
1.1100000e-01   1.9114240e-04
1.1000000e-01   1.9073910e-04
1.0900000e-01   1.9029113e-04
1.0800000e-01   1.8987085e-04
1.0700000e-01   1.8951020e-04
1.0600000e-01   1.8910461e-04
1.0500000e-01   1.8865148e-04
1.0400000e-01   1.8816696e-04
1.0300000e-01   1.8768659e-04
1.0200000e-01   1.8719569e-04
1.0100000e-01   1.8670451e-04
1.0000000e-01   1.8624292e-04
9.9000000e-02   1.8583653e-04
9.8000000e-02   1.8546645e-04
9.7000000e-02   1.8507417e-04
9.6000000e-02   1.8464701e-04
9.5000000e-02   1.8425185e-04
9.4000000e-02   1.8385565e-04
9.3000000e-02   1.8355293e-04
9.2000000e-02   1.8332725e-04
9.1000000e-02   1.8307979e-04
9.0000000e-02   1.8275854e-04
8.9000000e-02   1.8240334e-04
8.8000000e-02   1.8208865e-04
8.7000000e-02   1.8182363e-04
8.6000000e-02   1.8154921e-04
8.5000000e-02   1.8131501e-04
8.4000000e-02   1.8111930e-04
8.3000000e-02   1.8092814e-04
8.2000000e-02   1.8072205e-04
8.1000000e-02   1.8050177e-04
8.0000000e-02   1.8030474e-04
7.9000000e-02   1.8018893e-04
7.8000000e-02   1.8016490e-04
7.7000000e-02   1.8010182e-04
7.6000000e-02   1.7994734e-04
7.5000000e-02   1.7978732e-04
7.4000000e-02   1.7966359e-04
7.3000000e-02   1.7956684e-04
7.2000000e-02   1.7951030e-04
7.1000000e-02   1.7945927e-04
7.0000000e-02   1.7942840e-04
6.9000000e-02   1.7950516e-04
6.8000000e-02   1.7959880e-04
6.7000000e-02   1.7955116e-04
6.6000000e-02   1.7958699e-04
6.5000000e-02   1.7962508e-04
6.4000000e-02   1.7973894e-04
6.3000000e-02   1.7992805e-04
6.2000000e-02   1.8015591e-04
6.1000000e-02   1.8038265e-04
6.0000000e-02   1.8059223e-04
5.9000000e-02   1.8081516e-04
5.8000000e-02   1.8110837e-04
5.7000000e-02   1.8136381e-04
5.6000000e-02   1.8160981e-04
5.5000000e-02   1.8188601e-04
5.4000000e-02   1.8216830e-04
5.3000000e-02   1.8248997e-04
5.2000000e-02   1.8288975e-04
5.1000000e-02   1.8333777e-04
5.0000000e-02   1.8375338e-04
4.9000000e-02   1.8415473e-04
4.8000000e-02   1.8461699e-04
4.7000000e-02   1.8514967e-04
4.6000000e-02   1.8572804e-04
4.5000000e-02   1.8625738e-04
4.4000000e-02   1.8680244e-04
4.3000000e-02   1.8739389e-04
4.2000000e-02   1.8800871e-04
4.1000000e-02   1.8862432e-04
4.0000000e-02   1.8917802e-04
3.9000000e-02   1.8986673e-04
3.8000000e-02   1.9058067e-04
3.7000000e-02   1.9135434e-04
3.6000000e-02   1.9218558e-04
3.5000000e-02   1.9306463e-04
3.4000000e-02   1.9395995e-04
3.3000000e-02   1.9487756e-04
3.2000000e-02   1.9586040e-04
3.1000000e-02   1.9690408e-04
3.0000000e-02   1.9797308e-04
2.9000000e-02   1.9903681e-04
2.8000000e-02   2.0014457e-04
2.7000000e-02   2.0125427e-04
2.6000000e-02   2.0242572e-04
2.5000000e-02   2.0366367e-04
2.4000000e-02   2.0494499e-04
2.3000000e-02   2.0628498e-04
2.2000000e-02   2.0772350e-04
2.1000000e-02   2.0918953e-04
2.0000000e-02   2.1075338e-04
1.9000000e-02   2.1233092e-04
1.8000000e-02   2.1399171e-04
1.7000000e-02   2.1571653e-04
1.6000000e-02   2.1761920e-04
1.5000000e-02   2.1980333e-04
1.4000000e-02   2.2211753e-04
1.3000000e-02   2.2423305e-04
1.2000000e-02   2.2615764e-04
1.1000000e-02   2.2807127e-04
1.0000000e-02   2.3007323e-04
9.0000000e-03   2.3221404e-04
8.0000000e-03   2.3439598e-04
7.0000000e-03   2.3664744e-04
6.0000000e-03   2.3902643e-04
5.0000000e-03   2.4153680e-04
4.0000000e-03   2.4413469e-04
3.0000000e-03   2.4678899e-04
2.0000000e-03   2.4943901e-04
1.0000000e-03   2.5225423e-04
0.0000000e+00   2.5452563e-04
