   2.0000000e-02   6.5387625e-01
   4.0000000e-02   8.9368407e-01
   6.0000000e-02   1.1373788e+00
   8.0000000e-02   1.3848254e+00
   1.0000000e-01   1.6334332e+00
   1.2000000e-01   1.8833894e+00
   1.4000000e-01   2.1329422e+00
   1.6000000e-01   2.3818832e+00
   1.8000000e-01   2.6282594e+00
   2.0000000e-01   2.8714516e+00
   2.2000000e-01   3.1122590e+00
   2.4000000e-01   3.3452140e+00
   2.6000000e-01   3.5735789e+00
   2.8000000e-01   3.7961328e+00
   3.0000000e-01   4.0074782e+00
   3.2000000e-01   4.2125489e+00
   3.4000000e-01   4.4069195e+00
   3.6000000e-01   4.5882771e+00
   3.8000000e-01   4.7616368e+00
   4.0000000e-01   4.9182910e+00
   4.2000000e-01   5.0634563e+00
   4.4000000e-01   5.2003178e+00
   4.6000000e-01   5.3200796e+00
   4.8000000e-01   5.4327990e+00
   5.0000000e-01   5.5369958e+00
   5.2000000e-01   5.6291533e+00
   5.4000000e-01   5.7160453e+00
   5.6000000e-01   5.7948858e+00
   5.8000000e-01   5.8664520e+00
   6.0000000e-01   5.9341394e+00
   6.2000000e-01   5.9953220e+00
   6.4000000e-01   6.0529199e+00
   6.6000000e-01   6.1080260e+00
   6.8000000e-01   6.1592489e+00
   7.0000000e-01   6.2095014e+00
   7.2000000e-01   6.2586314e+00
   7.4000000e-01   6.3076108e+00
   7.6000000e-01   6.3571098e+00
   7.8000000e-01   6.4077302e+00
   8.0000000e-01   6.4592938e+00
   8.2000000e-01   6.5109080e+00
   8.4000000e-01   6.5613851e+00
   8.6000000e-01   6.6093214e+00
   8.8000000e-01   6.6553566e+00
   9.0000000e-01   6.6948215e+00
   9.2000000e-01   6.7297200e+00
   9.4000000e-01   6.7595661e+00
   9.6000000e-01   6.7782278e+00
   9.8000000e-01   6.7906546e+00
   1.0000000e+00   6.7930394e+00
